N       Initialize      Initialize Parallel
80      0.000209        0.000679
        0.000239        0.000737
        0.000228        0.000648

800     0.019585        0.007347
        0.019210        0.008670
        0.020545        0.007565

8000    0.465431        0.287067
        0.454049        0.278766
        0.444483        0.266146

80000   Killed          Killed
        Killed          Killed
        Killed          Killed

N       threaded_rows_cached           parallel_rows_cached          threaded_cells
4000    92.416691                      84.460814                     33.225944
8000    759.443805                     716.078686                    134.541776
12000   2610.553753                    2489.451688                   291.071852
16000   6307.968126                    6098.963811                   551.529708